0.00810793
0.0610423
-0.0186213
-0.018643
0.0417395
0.0754932
-0.0115585
-0.0658037
0.0415009
-0.0428959
-0.0312954
0.0609103
0.0305603
0.0683997
0.103076
0.00239307
0.0669318
0.0115115
-0.0342525
-0.0409338
0.0121939
-0.0116569
-0.00745285
0.0184538
-0.061186
0.0509685
0.0177439
-0.0445008
0.0576584
0.0833089
-0.088185
-0.0310024
-0.0590524
0.0645785
0.0640815
-0.0651644
0.0749461
-0.0346596
0.0380554
0.0364691
-0.101886
0.00968854
0.117565
0.0468437
0.0207717
-0.0514572
0.0291427
0.0212177
0.111426
-0.0338246
-0.00706565
0.0313472
0.0164372
0.0090169
0.0699093
-0.0454969
-0.0442824
0.1141
0.015112
-0.00850084
-0.0515515
-0.00753438
-0.018787
0.0425908
-0.0359225
0.00828484
-0.039607
-0.0935001
-0.00417466
-0.00335731
0.0521043
-0.0648952
-0.0160947
0.063101
0.0623537
0.0665918
-0.0126274
0.0438093
0.100825
-0.0365122
-0.0654877
0.0244821
0.0272628
-0.0131607
0.0147975
-0.00607899
0.0120495
0.0499115
0.0339813
0.0819894
0.106355
-0.116485
0.024611
0.0346513
-0.0192241
0.0310834
0.0731666
0.106232
0.0538028
0.0237529
-0.0271359
0.0858489
-0.0126308
0.136588
0.0132539
-0.0673127
0.0977656
-0.0470252
0.032938
0.0574974
0.00870963
0.0127725
-0.00521965
0.0627901
-0.077759
-0.0481049
-0.0245605
0.0109977
-0.0972421
0.066923
0.0565716
-0.0728957
-0.049272
-0.100002
0.032199
0.0641322
-0.0103425
0.0412069
-0.0424309
-0.0696459
-0.0407702
-0.0402958
-0.0233768
-0.0103675
-0.00580076
-0.0117656
-0.0412179
-0.00606677
-0.0168111
0.0410989
0.0440739
-0.00411256
-0.0572891
0.0425955
-0.0166251
0.055956
-0.0215081
-0.0665611
-0.0672084
0.00939541
-0.0923378
-0.0268893
0.00996412
-0.036973
0.00675391
0.0144615
-0.0149275
0.000833108
-0.00516134
-0.0481732
0.0139987
0.00363847
0.0485995
-0.0741374
-0.0302158
0.0516376
0.0620882
0.0179346
-0.0333335
0.000162529
0.0106583
-0.00374791
0.05581
0.0424951
-0.0663315
0.0293416
0.0775238
0.0362099
-0.00785548
-0.0277123
-0.13832
-0.000656023
0.0564744
0.0480313
-0.0260633
-0.019121
-0.0886986
0.00401252
0.0569339
0.0215101
-0.0320363
0.0131003
-0.0165918
-0.0263659
0.00792141
-0.0182629
-0.034447
0.0556267
-0.0375836
-0.0118303
0.037355
0.0218952
-0.03435
-0.104733
0.00850478
-0.0296838
-0.012941
0.0584416
-0.0829961
0.00170499
0.0140975
-0.013572
-0.0215828
0.0416479
0.0417222
0.0236379
-0.0560371
-0.0134575
-0.0208278
0.0837757
-0.0665569
-0.0480499
-0.00912445
-0.00450724
0.0694627
-0.0337058
0.0498126
-0.0771912
0.0576992
-0.114522
0.0382355
-0.0251268
-0.0322246
-0.0414663
0.0958186
-0.0460015
0.0598889
0.00174997
-0.031161
0.0255623
-0.0804885
0.0213046
-0.0419586
0.0157295
-0.0275376
-0.0560107
-0.0155204
0.0432752
-0.00802968
-0.113244
0.0613255
-0.0105172
-0.0489272
-0.00979875
0.0232982
-0.0194342
0.029362
0.0664492
0.0350806
-0.147641
-0.0409654
-0.0376294
0.040377
-0.0751376
0.0112685
0.00738182
0.0345784
-0.0436658
0.0269583
-0.0881627
0.0177237
-0.0927717
0.0575971
0.0288469
0.0371667
-0.0130717
-0.14074
0.00994673
0.0161529
-0.0145075
0.0166213
0.0435515
0.013313
-0.0122351
0.00060067
0.125396
0.0323962
-0.0319043
0.0347059
-0.0188823
0.0150076
0.062721
-0.00762629
0.0817379
-0.0378216
0.0620532
0.075722
0.0925244
-0.0148002
-0.104409
-0.029658
0.0162125
0.0841639
-0.0390222
-0.0505488
0.0670773
-0.0127345
0.0558524
-0.0280903
0.0161915
-0.086246
-0.0193549
0.0320339
-0.0372831
-0.00774968
0.0127503
0.0640427
0.0428642
0.0232218
-0.119687
-0.0413608
0.0254536
0.0460424
0.0485247
0.0604143
0.132337
0.00965332
-0.0301408
-0.122447
0.0340367
-0.0401273
0.00959684
0.0590479
0.0827837
-0.00579279
0.0362169
0.0536783
-0.0142646
-0.0278771
0.0392547
0.0221022
0.021384
-0.0374309
0.0225872
-0.0488076
-0.0320078
0.00856387
0.0751459
-0.0336328
-0.0424268
-0.0297187
-0.0533806
0.00703517
-0.0910356
-0.108148
-0.00892278
0.0422393
0.012765
0.0436374
-0.0125428
0.0793403
0.0241194
0.0639778
0.0105538
0.0169443
-0.00178893
-0.0619994
0.0552077
-0.0865081
0.0658411
-0.040135
-0.0460105
-0.0287164
0.0340674
0.0670704
-0.0174302
-0.0113104
-0.0414129
0.0554494
0.0328436
0.00198553
-0.0668565
0.0507158
-0.0271292
-0.00488397
-0.0114539
0.0420291
-0.0995206
0.0590261
0.000354317
0.0136434
0.0204741
0.0117731
0.0329725
-0.0645673
-0.00868361
0.0632476
-0.0588635
-0.0378401
-0.069318
0.0591462
-0.0480785
0.0404206
0.0993029
-0.0710884
-0.0395091
0.0874586
0.0111231
0.0273434
0.0263543
0.043894
0.0403643
0.0707608
-0.00349673
0.0025732
0.0308783
0.0224415
0.0739002
0.0429858
0.000472136
0.0116635
-0.0200772
0.00813498
-0.0924296
0.0380414
0.0366202
0.0477028
-0.0478565
0.00724657
0.0188709
-0.0375582
-0.00721651
0.0584699
-0.0635938
0.0246299
0.000438955
0.01789
-0.0308219
-0.0186614
-0.016804
0.0502743
0.0214612
0.0400266
-0.099457
0.0811965
-0.0541233
-0.0166043
-0.0411296
0.00698015
-0.0210414
0.00312666
0.0285069
0.00693546
-0.110654
0.0236336
0.0796615
-0.0817362
0.0129743
0.0339602
-0.0124587
-0.00377767
0.0349351
0.0291322
0.00462902
0.0222511
0.0384146
0.00665153
-0.0717034
-0.0358386
0.00300899
-0.00259456
0.073363
0.00544541
-0.0227091
-0.018882
-0.0116788
0.0338814
-0.0435333
0.00458221
0.0412629
0.0223725
0.00287013
-0.0288833
0.0167775
0.0737912
8.58021e-05
0.044613
-0.0446955
0.0168639
0.0167836
0.0197447
-0.0530498
-0.0796471
-0.0224685
0.0270722
0.0120127
-0.00317545
0.0113157
0.0415904
-0.0709992
-0.0140183
0.0164721
0.0265304
0.0435727
0.017766
0.002757
-0.0161337
-0.00633416
-0.0571503
-0.0833526
0.0085126
-0.0444253
-0.0126752
-0.0621141
0.037128
0.106909
-0.0607718
0.0461757
0.0453652
0.0720694
0.0162177
-0.0140583
0.0270577
-0.00767558
0.006112
0.00519602
0.0115874
0.0257333
-0.0394047
0.0565186
0.0196301
0.0814736
0.0311302
0.060983
-0.102309
-0.0441333
0.0024475
-0.0105409
-0.0101797
0.0338193
0.0377268
-0.0264652
0.00352786
-0.00732721
0.0195994
0.0273414
0.0333167
-0.0706466
0.0584208
0.0636615
-0.0416381
0.0782852
0.00367795
0.032279
-0.0350723
-0.0126723
0.00042599
-0.0115374
-0.00152673
-0.0860185
0.0182284
0.0187358
-0.090173
-0.07548
0.092751
0.0240032
-0.0253662
0.0174722
0.0496625
0.0385995
-0.00366274
-0.131802
-0.0390986
-0.165136
-0.0162321
0.061705
0.0977281
-0.00152771
-0.0899611
-0.128345
-0.0703493
0.0717268
0.0162813
-0.00482213
-0.0260347
-0.0394813
-0.0280919
-0.0174222
0.0342568
-0.0553213
-0.0637066
-0.0256869
0.0722658
-0.00431593
-0.00701938
0.00420642
-0.0254083
0.00277749
0.0845574
-0.0721671
-0.0317368
-0.0281615
-0.0275899
-0.0396285
-0.0136004
0.043506
-0.140228
0.0222389
0.0578664
0.055461
-0.0291366
-0.0410501
0.035554
-0.0357684
-0.0570611
-0.0500158
0.0413978
0.011582
0.0763417
-0.0293332
0.0380909
0.0423624
0.0602047
0.116101
0.0663565
-0.0275715
-0.0346622
-0.0575809
-0.00464317
0.00102254
0.0884212
0.0419053
-0.0571574
0.0276764
-0.0971052
0.073455
-0.0165755
-0.0531725
-0.0433124
0.0232619
0.0102167
-0.0362843
0.0655052
-0.0215557
-0.012097
0.00219969
0.0167013
-0.0317423
0.00642334
0.0681863
0.00908917
-0.0134309
0.0152462
0.0194168
0.00596947
0.020299
-0.0773179
0.0246235
0.0216399
0.0417064
-0.0064892
0.0261544
-0.0815682
0.0810661
0.0709117
0.0177345
0.0523784
-0.0946092
0.0364928
0.00188776
-0.0750884
0.0370846
-0.035445
-0.00116311
0.0519769
-0.006466
-0.0429853
0.03674
0.00156713
-0.00599731
-0.0824281
0.0102602
0.0172734
-0.0804316
0.02891
0.0127383
0.0500183
0.0441144
0.0388104
-0.0230935
-0.00368477
-0.0370383
0.0963418
0.0485605
-0.102256
0.0931001
0.00928916
-0.0735175
0.0764258
0.0110686
0.0438798
-0.0119749
0.0227341
0.0212671
-0.0146045
0.0278104
0.021827
0.0370997
-0.052083
0.0611248
-0.0464294
0.0781765
-0.0330555
-0.0345304
0.0211369
-0.00199929
0.0856391
0.0236296
-0.0609417
-0.0889094
-0.0354693
-0.024131
-0.0415986
0.0771034
0.0013731
0.0589123
-0.0149474
0.058325
0.0328498
-0.0208084
0.0252416
0.0163441
0.00167719
0.0322931
0.00838333
-0.125204
-0.0471268
-0.00296102
0.0606083
-0.0589833
-0.0142116
-0.0379758
-0.0403123
-0.0607148
-0.0100689
-0.0102678
-0.0480551
0.0253348
0.094017
-0.0376094
0.0526519
-0.00500148
-0.0218075
0.123858
0.0791072
0.0452438
0.106385
-0.0297306
-0.0423866
-0.00176946
0.0672942
-0.0361643
0.0674736
0.00981895
0.0684188
-0.0795817
-0.0236227
-0.0437929
0.0220819
0.105454
-0.0329734
0.0165483
-0.0510782
-0.0152189
0.0450817
-0.0504949
-0.013965
-0.0752037
0.0512349
0.0409011
0.0718098
0.00620547
-0.0484245
-0.0625637
-0.051723
0.0154047
-0.0254301
0.0118261
0.061067
-0.0262187
0.0229805
0.0357276
0.036226
0.0029743
0.0662819
0.00901631
0.0934587
0.0298177
0.014641
-0.036351
-0.0650204
0.047603
-0.0227501
0.00988356
-0.0378819
0.0180136
-0.0558409
-0.0142124
-0.101977
-0.0893023
0.0184748
-0.0335096
-0.0110272
0.0731503
-0.00456516
-0.018102
-0.0243873
0.0646735
-0.00449903
0.00260993
0.0309138
0.0632199
-0.0772172
0.0171766
0.00473982
0.00204705
-0.0584238
0.0287474
0.0102081
-0.00628451
0.00168554
0.0272522
0.0170559
0.0806442
0.0234968
-0.0131449
0.0140486
0.00198736
0.0599651
-0.0317436
0.01772
0.00237072
-0.0301054
-0.0483997
0.00753722
-0.0702317
0.00225635
0.0545553
-0.0222948
-0.052818
0.0092494
-0.00439807
-0.0352953
0.0190592
0.0333272
-0.00193909
0.0968034
0.066643
-0.0189806
0.0784018
0.0681236
-0.0163019
-0.0262096
0.0323542
-0.00431736
0.0876391
0.015691
0.00677903
0.0639378
0.0395917
0.0477536
-0.0683326
-0.0165786
0.0562893
-0.0195949
0.0638046
0.114825
-0.0219601
0.00728057
-0.049013
0.020177
4.00031e-05
0.0121508
-0.0513263
0.0400298
-0.0212478
-0.0600035
0.0266509
-0.0325522
0.0476989
-0.0244173
0.0274505
-0.0594258
-0.0611128
-0.00320703
-0.0832745
-0.0598767
-0.0503826
0.0238505
0.0704082
-0.0494364
-0.0866061
-0.00971465
0.0762953
-0.0509001
-0.0745949
-0.0490387
-0.107751
-0.0305347
0.011454
-0.106683
-0.0356738
0.0276463
-0.0100166
-0.0523871
-0.0453934
-0.027758
0.107324
-0.0323533
-0.00808117
0.0404118
-0.0929379
0.0434732
0.0938343
0.0455882
0.0708286
0.0339622
-0.0285913
-0.0471613
0.0133978
-0.0996317
-0.049886
0.0142684
-0.0505448
0.0285056
-0.0833047
0.0366228
0.0226723
-0.0429434
-0.013927
-0.0616494
0.0604959
0.0477193
0.00881795
0.0372969
-0.0225446
-0.030078
0.0187363
-0.0987212
0.00222886
-0.0299792
0.0136678
-0.0379492
0.144639
-0.061925
0.0190563
-0.0223945
0.11022
0.00788125
-0.0087147
-0.0228828
-0.0797689
0.00968728
0.032543
0.019515
0.00658473
0.0037897
-0.0331564
-0.0141505
-0.00884668
-0.0440769
0.0657432
-0.0540308
-0.0103354
-0.00461176
0.0486177
-0.0196592
0.0703717
0.0535181
0.00554186
0.104372
0.034441
-0.030513
-0.0243882
-0.0350969
0.01891
0.0717271
0.000155158
0.0545058
-0.111061
0.069436
-0.00903885
-0.019559
0.0326776
0.0112679
0.052348
-0.00260643
0.0422543
-0.0283322
-0.0139611
-0.00107958
7.60804e-05
0.0284719
-0.0614577
-0.0979988
0.0130373
0.00592007
0.0615301
0.000229522
0.0308278
0.0305818
0.0145326
0.0279261
0.0112961
-0.0289565
0.00123686
-0.0721842
0.0464059
0.0533017
0.0153009
0.0306217
-0.0330334
-0.0238736
0.00961151
-0.0746623
-0.0177341
-0.0532402
-0.0374169
-0.0789196
-0.128038
-0.0255032
0.0134844
-0.105339
0.100931
-0.110948
-0.00820321
-0.014158
-0.0203317
-0.0211053
0.0334567
-0.0497554
0.0587058
-0.0188959
-0.0499194
-0.00952212
-0.0269064
-0.00524253
-0.00307568
0.0199097
0.010469
0.0663959
0.0660076
-0.0541583
-0.0350972
-0.02125
-0.00696569
0.0148695
-0.0313501
0.064963
-0.0636244
0.00576736
0.0360869
0.0899034
-0.0587155
0.0345402
-0.00439717
-0.00203272
0.00428292
0.0096475
-0.0358226
0.0525465
-0.0162865
-0.0450567
-0.0729175
-0.0445464
-0.00438976
-0.0306773
-0.0782709
-0.0722365
-0.0239755
-0.0157689
-0.0903812
0.0640743
-0.0359258
0.0304657
-0.0204105
0.010971
-0.0892533
0.0103266
0.0852745
-0.0314605
0.0369582
0.0869248
0.0463857
-0.0358135
0.0281134
0.0191237
0.0129986
-0.0290728
-0.0489946
-0.121385
-0.0315011
-0.0285733
0.0218831
-0.0838825
0.0222794
0.0592805
0.0788546
-0.0292607
0.0575198
0.00170339
-0.0112512
0.0420956
0.0304222
0.106117
0.0285003
0.0252576
-0.0287477
-0.0477937
-0.0285594
-0.0114149
0.100577
0.0420415
0.0850651
0.0352486
0.0178316
0.0376483
0.029171
0.0545528
0.0494001
0.013681
-0.0641282
0.0405335
-0.0455488
-0.00542653
0.0206167
0.00989687
0.0283121
-0.0610801
0.0394996
-0.0780878
0.0185346
0.0253603
-0.0417961
-0.0752811
0.01493
0.027774
0.0417886
0.0227219
-0.0739209
-0.0401793
0.0461277
0.0677369
-0.025748
-0.0247962
-0.0510112
-0.0186711
-0.0194669
-0.0684467
0.00157699
-0.0116361
-0.00985201
0.0374021
-0.0405935
0.00677282
0.0422192
0.0517438
0.0550904
0.0706537
0.0044243
0.0293757
-0.0901204
-0.0538444
0.0469743
-0.0019531
-0.0668216
0.0301458
-0.0553255
-0.0519805
-0.0507152
0.0124717
0.0688633
0.0291273
-0.0074684
0.035025
-0.0356713
0.0427629
0.159369
0.0847035
-0.0118664
0.0198543
0.0808917
-0.0579856
0.0364419
0.0673652
-0.00926256
0.104211
-0.0141542
-0.094926
-0.00263209
-0.080251
-0.0528515
0.0519722
0.0370811
0.0132678
-0.0790567
0.0221051
-0.0394363
-0.0127675
-0.034879
-0.0554308
0.0464385
0.00890444
-0.0147402
-0.0234796
0.0234196
0.0233118
0.0257209
-0.111758
0.0252326
0.0796703
0.0010738
-0.0176007
0.0124735
-0.000826812
0.123967
0.00898535
-0.0248233
-0.0656984
0.0412049
-0.0694143
-0.0409722
0.0319301
0.0582074
-0.0416005
-0.0479405
-0.0583421
0.0578565
0.0272728
-0.0353533
-0.0196172
-0.0985716
0.0513245
0.0178944
-0.0303658
0.0247971
-0.0988863
0.0296541
0.00674548
-0.0371729
-0.00926841
-0.0687169
-0.0960015
-0.037939
0.0717053
0.0100861
0.0767418
0.0320885
-0.0448386
0.0923968
-0.0245653
0.034268
0.042127
-0.0374945
-0.015503
0.0975191
0.0362117
-0.0308883
0.0454211
0.00531669
0.0348059
-0.039224
-0.017713
-0.0248038
0.0873214
-0.062727
-0.0172224
-0.0207055
-0.0175052
0.051872
-0.0229384
-0.02772
0.00790979
-0.0308456
0.0871166
-0.00903545
-0.0757931
0.000652461
0.0451371
-0.0208991
-0.0861907
-0.00599902
-0.0159587
0.0103896
0.0250603
-0.0871951
-0.136948
-0.0553727
-0.0765128
-0.0518667
0.021719
-0.078971
-0.0408068
0.0380953
0.0471791
-0.0637312
-0.0452943
-0.0787971
0.00382471
-0.0530433
0.0545004
0.0445469
-0.0219919
-0.0499009
-0.0994553
-0.0514839
-0.0717332
0.108979
0.0432287
0.0952704
-0.00430539
0.0193983
-0.0150492
-0.00524683
0.0293611
-0.0218112
0.0673956
0.060349
-0.0256458
-0.0305964
-0.0454965
0.00392297
0.0451982
0.0072235
0.00451234
0.00335257
0.0543998
-0.015625
0.0923541
-0.037513
-0.00446028
-0.064292
0.0222404
-0.0396563
-0.0165553
-0.0176123
-0.00592454
-0.0296431
-0.0597996
0.105701
0.0113928
-0.0358563
-0.0114601
-0.0311079
0.0385633
-0.0379163
-0.00291115
0.0513167
0.057014
-0.000601094
0.0112524
-0.017727
-0.0300271
0.0250172
0.0143319
0.0114071
-0.0338905
0.049665
0.0612907
0.00352529
0.0133563
-0.0366613
-0.0387904
0.0213022
-0.0123693
0.0996427
-0.00459393
-0.0367082
-0.0247064
-0.00869701
-0.0183749
0.0584869
0.101619
-0.00992682
-0.0356465
-0.0465107
0.0155535
0.0650407
-0.0701784
0.00852565
0.0417357
0.0260048
0.0231438
0.0712031
0.0254552
-0.0497221
0.0355865
-0.0185818
0.0211317
0.00173127
-0.0118332
-0.0946954
0.0549566
0.00706752
0.0325258
-0.0327765
0.0564084
0.0157725
0.00751275
0.0190889
-0.0272088
0.0348964
-0.00235154
-0.00487129
-0.00367385
-0.0419071
-0.00247261
-0.0876415
-0.0370889
0.0489984
-0.0454583
0.00858233
0.0579003
-0.0189791
0.0401582
-0.067316
-0.0321312
0.0730013
-0.0604668
-0.0861448
-0.0116818
0.0522407
-0.0189349
0.0173164
0.0311221
-0.0315086
-0.0122924
-0.0438594
0.0470731
-0.000438337
0.0465773
-0.055448
-0.0408439
-0.00719528
-0.0385079
-0.0372503
-0.0321533
-0.0356154
-0.0672622
-0.0233355
0.00666086
-0.0163509
-0.0117375
0.0267645
-0.0819854
-0.0115725
0.0148253
0.0569962
0.0972698
0.0236467
-0.00879132
0.0816828
-0.0691723
-0.0108676
-0.0436976
-0.0474481
-0.0202403
0.0583608
0.00908806
-0.041328
-0.0397693
0.162966
0.0262396
-0.0439196
-0.0383613
-0.0611782
0.0452917
0.0461107
-0.0198934
-0.0354963
-0.0500458
0.0632503
0.0102158
-0.0711518
-0.0183292
0.0216053
-0.0558013
-0.0130876
0.0222842
0.00719407
0.0163071
-0.0282779
0.0475964
-0.0446555
-0.0119588
-0.0918348
0.0273178
0.0573134
0.00713404
0.0274573
-0.0598569
0.00233874
-0.00263362
0.038967
0.0579425
-0.0715145
-0.028376
0.0564325
0.044836
0.0407769
-0.0254557
-0.0884327
0.0344856
0.0734154
-0.0175506
-0.0720368
-0.0627182
-0.0227576
-0.0145281
-0.0555909
0.0168132
-0.0214928
0.0145042
-0.0117614
-0.0581422
0.0454198
-0.0188987
-0.0231903
0.00176584
-0.0627533
0.0674748
-0.023165
-0.0127433
-0.103614
0.00478867
0.0646602
0.053404
-0.075674
0.0355087
-0.0146402
-0.0453683
-0.120748
0.0232275
-0.0263116
0.0213242
-0.00853467
0.0508239
-0.0296025
-0.0798882
0.0256715
0.0156876
0.0545861
0.000552028
0.0476709
0.0357674
-0.00675153
-0.0555146
-0.00984948
-0.016195
0.0982401
0.0535433
-0.0577669
-0.02408
-0.00888897
0.0136568
-0.0341845
0.111625
0.0455759
-0.0165807
0.049471
-0.0201468
0.0160461
0.0652787
-0.027469
-0.0255854
-0.0239012
0.024578
0.0494278
-0.00560204
-0.0240416
-0.0217816
0.0110522
-0.00819437
0.0189989
-0.0140167
0.018236
0.0743161
0.11069
-0.0837624
0.0395355
0.0423655
0.0993246
-0.0387396
0.00343883
-0.000752394
-0.0264692
-0.00739527
0.0525982
-0.0757584
-0.0805324
-0.00780264
-0.0571602
0.011511
-0.0162189
0.080625
-0.0688641
-0.0146755
0.0426226
-0.0338132
0.0362552
-0.0138071
0.0221746
0.0307996
0.0647188
0.0309614
0.0499596
0.0200204
0.117589
0.0522295
0.0479467
-0.043058
-0.134474
0.0491275
0.0435512
0.0488776
-0.0340026
-0.0413024
0.0564541
0.0805005
0.0481559
-0.0436647
0.048885
-0.0538519
-0.0133198
-0.0468909
-0.022151
0.0395473
-0.0734374
-0.00747752
0.0161672
0.00875996
0.0794042
-0.030535
0.054297
-0.0387293
-0.0441104
0.0254063
0.0195803
-0.0750941
-0.0175285
0.00632142
-0.0292974
-0.0168297
-0.0031591
0.0460997
-0.0628885
-0.0141901
-0.0249657
0.0654997
0.0296024
-0.031869
-0.070084
0.0013618
-0.0481653
-0.052288
-0.0032103
0.00747136
0.000443794
0.0335388
-0.00533161
-0.021862
-0.022682
-0.0670496
-0.0292832
-0.0109385
-0.0361361
0.0226407
0.0295619
0.0346516
-0.00788409
-0.0535059
0.0316124
0.0273321
0.0400615
-0.0246959
0.119234
-0.0196731
0.0507088
-0.0594438
-0.0220067
0.0555225
0.100845
-0.0145353
-0.0773814
-0.0341078
-0.0291726
-0.0472289
0.011353
-0.0182752
-0.0368001
0.0103033
0.00678933
0.0244297
0.0189027
-0.0111619
-0.0515208
0.0500989
-0.00826913
-0.00554277
-0.0346485
-0.0139973
0.042886
-0.0593477
0.0740934
-0.0507652
0.0724925
-0.0487261
-0.0503146
0.0204899
0.033306
0.0355823
0.0340523
0.0559511
0.011491
0.0163958
-0.0174374
-0.0361473
-0.01607
-0.0829023
0.0528868
-0.119752
0.0256522
-0.0427536
-0.0313846
0.0702976
0.106681
-0.0078162
0.0319532
0.130014
-0.0324168
-0.00384051
-0.0445051
0.0888245
0.0490138
-0.0692853
0.0550756
-0.0458599
0.0415318
0.0322383
-0.0179382
-0.0135093
-0.0324104
-0.0728159
-0.0612668
0.00322391
-0.0517911
0.0936203
-0.0747351
-0.00349607
0.0780119
-0.0355812
0.00614026
-0.0240235
-0.0436252
0.000217706
0.0880506
-0.0121344
-0.015434
-0.00900015
-0.0563875
0.0569348
-0.0156623
0.0658075
0.108066
0.00113591
0.100434
0.124543
0.0364802
-0.0871286
-0.0107526
0.0220572
-0.00742393
-0.0395883
-0.0044753
-0.0420814
0.0630796
-0.0204909
0.0408272
-0.0207416
0.0405337
0.106488
0.0293912
0.0933603
0.00281942
-0.000983622
0.0329135
0.0628295
-0.0294777
0.100703
0.0327848
0.00107328
0.0394809
0.0236351
-0.0358476
0.0634277
-0.0301969
-0.00859565
-0.0200726
-0.0800169
-0.118256
0.0668088
0.0344501
-0.044143
-0.0368898
0.00587591
-0.0237153
-0.039566
-0.0240686
0.00804969
-0.0251912
0.118458
-0.0592609
0.0679295
-0.0903438
0.001843
0.0249062
0.00879707
0.0355873
-0.0414232
-0.0717982
-0.0678968
-0.0110168
0.0216871
0.0622118
0.020882
-0.016037
-0.0461354
-0.0134301
-0.0197507
0.0774886
-0.0272543
0.00877118
-0.0115839
0.0797048
-0.00309187
0.0243583
-0.022427
0.0969461
0.00879677
0.0186693
-0.0296092
-0.0169757
0.0654375
0.0451174
-0.067575
-0.00671575
-0.0377686
-0.0106177
0.0111556
-0.0187239
-0.126333
-0.0345272
-0.0708198
-0.123684
-0.0230321
0.0588493
0.0441666
-0.0331175
0.0220277
-0.00831985
-0.0142314
-0.00651453
-0.0752172
0.126849
-0.0608814
-0.01691
-0.0262399
-0.0617821
-0.0281228
-0.0949957
-0.0259476
-0.00709926
-0.0289134
0.0691332
-0.0810592
-0.0530466
0.0439682
-0.0909637
-0.0216638
-0.0299291
0.0820125
-0.0541283
-0.0726917
-0.06267
-0.00448274
0.00292267
-0.000848285
0.105937
-0.0187132
-0.0690566
-0.0352858
-0.0873015
0.0474718
0.0328568
-0.0404009
0.0314207
0.0749436
-0.013973
-0.0362177
-0.0833635
-0.0592717
-0.000337439
-0.00151332
-0.0370431
-0.14519
0.0361432
0.0357972
0.00730457
0.089718
-0.0363373
-0.0195715
0.0282966
0.0100879
-0.00719567
-0.0326373
-0.0330056
-0.0667209
0.0267522
-0.0138814
0.0126425
-0.000410645
0.0130315
-0.0690732
0.0167394
0.0340038
-0.0250822
0.0319863
-0.0528457
0.0121445
-0.0629492
0.0094555
0.0464933
-0.0688482
0.0496505
0.00264202
-0.0456955
0.0352087
-0.0439747
-0.0383434
0.0819653
0.0304414
0.0424398
-0.022613
0.027758
0.0254879
0.018307
0.0544692
0.0168848
0.0510568
-0.0425225
0.0669466
0.0305599
-0.0201755
-0.0640407
0.0486033
0.0515532
-0.0549763
-0.00816474
-0.0979498
0.0670289
0.0947457
0.0300817
-0.0372388
0.000328436
-0.0515114
0.0193671
0.0478321
-0.0440928
0.0386462
0.00517082
-0.000563475
0.0668417
0.0917599
-0.0284594
-0.0208589
0.0314491
0.0711049
0.0347587
-0.0248109
-0.038861
0.0496028
0.0202951
0.0294259
0.075993
0.085841
-0.0119277
-0.0650076
0.0562508
0.0126583
-0.0216359
0.0320867
0.0880565
0.00863759
0.132522
0.00501787
0.0892679
0.0647555
0.0467739
0.0095223
0.0339307
0.0150872
-0.00242808
0.0412987
-0.0317217
0.0299168
-0.060405
-0.0246296
0.0650061
0.0935042
-0.0220847
-0.014449
-0.0111011
-0.0363577
-0.00521021
0.059352
-0.00404972
0.04798
-0.0363884
0.0356101
-0.0964313
0.0729554
-0.0203275
0.0216566
-0.0152291
-0.00465078
-0.0501105
-0.000543089
-0.0281649
0.00950217
-0.0583165
0.0336565
0.0705116
0.0563133
0.0592796
0.00486514
-0.00268957
-0.0385981
-0.0415058
-0.0141802
-0.00406197
-0.0438336
-0.0190721
-0.00178771
-0.0351551
0.0190409
0.0554765
-0.00181927
0.0463273
0.0664044
0.0243565
-0.0645365
0.00309676
-0.0513097
0.041315
0.0347131
0.121606
0.0163328
0.0184371
-0.0594319
-0.0676798
0.0715056
0.000922841
-0.0351896
0.037558
-0.0261697
0.046765
-0.010685
-0.026086
0.04163
-0.120776
-0.0127811
-0.0283154
-0.0384513
0.051881
0.0311495
-0.0517199
-0.0901372
-0.110946
0.0431873
-0.0125917
0.0129845
-0.00155657
-0.0940388
0.0461371
-0.0247936
0.00970688
-0.0251248
0.00927428
-0.0712203
0.038544
-0.0285238
-0.0105489
-0.0969425
0.013787
0.0247451
-0.0418048
-0.0353261
-0.0536725
0.0389347
0.0308927
-0.0895241
-0.0157968
-0.141416
0.00107085
-0.0135871
-0.121712
-0.015524
-0.00761895
-0.00351025
0.0452915
-0.00874667
-0.0026105
0.0184931
0.0757226
0.0846474
0.0219019
-0.00855238
-0.0472863
0.0359974
-0.0400644
0.141016
0.0181788
-0.0399386
0.0424808
-0.0694633
0.0222166
-0.0121802
0.0621669
0.0379927
0.0810751
0.0441898
-0.0159314
-0.0885253
-0.0359475
0.0712783
0.103809
-0.120473
-0.013927
-0.0406811
0.0768811
0.00523594
-0.034695
0.0545726
0.0354544
-0.0514207
-0.0107987
-0.0245042
0.00379938
-0.0830886
0.0136164
0.015463
0.0236073
-0.00273836
-0.0843748
0.0182551
-0.0327101
0.00834963
0.0499995
-0.0186544
0.0177141
0.0861621
-0.124333
0.0586937
-0.0323561
0.0372108
-0.0238857
-0.00781649
0.0812808
-0.0817457
0.014499
-0.0273203
0.0299203
0.0133044
-0.0186908
0.0692188
-0.0309837
0.00774582
0.0176956
0.0223356
0.00468981
0.0704468
-0.0197886
-0.0418791
0.0186751
-0.0482421
-0.0523692
-0.0511343
0.0683043
0.0173328
-0.00559369
0.0364034
-0.107392
0.0334231
0.0763881
0.0305333
-0.0354138
-0.0366594
0.117356
-0.0206769
0.00270868
0.0206606
-0.0521506
-0.0299342
-0.0517935
-0.0525355
0.0161042
-0.00873961
0.0460482
0.0174881
0.0414013
-0.0432558
0.020437
0.0187101
-0.0483564
0.0593008
0.0610728
-0.000225742
0.0114888
-0.049157
0.04609
-0.0131702
-0.0295686
0.0618144
0.0258611
-0.0337674
0.0430009
0.0161971
0.027902
-0.0307363
0.0309854
-0.0776842
-0.0583113
0.0547825
0.00365124
0.00100579
-0.0672306
0.107385
0.00833208
-0.041762
-0.0251466
0.01231
-0.0353076
0.0277326
0.0652659
-0.024873
-0.0275851
-0.0214212
-0.0212482
0.132241
0.025319
0.0165537
0.0399161
-0.0723198
0.0695215
0.0152746
0.00403677
0.0272627
0.0122321
-0.0675146
0.129987
-0.0719617
0.0680637
0.0199242
-0.0558487
-0.00577136
0.0700892
-0.000439474
0.0268024
-0.0602369
0.0309042
0.00309462
-0.0180247
-0.0279696
-0.0359674
0.0501877
0.0015302
-0.0245934
0.00204859
0.026146
0.0442969
-0.06506
0.101327
-0.0393511
-0.00794972
-0.0634632
-0.0325606
-0.0288647
-0.0465983
-0.0329656
0.0257817
-0.011029
-0.0775919
0.0196073
0.0543717
0.0327473
-0.047742
0.000245083
-0.0568788
0.0113092
0.065429
0.0120019
0.000536063
-0.0120005
0.130692
-0.0260303
-0.0255413
0.027978
0.0669376
0.0646205
0.0320785
0.0477433
0.033774
-0.0102589
0.1435
0.0159191
0.0941943
-0.0171107
-0.0497491
0.0172349
0.0377808
0.0337733
0.0105697
-0.046185
0.0525382
-0.0602236
-0.111583
0.00785905
0.0422117
-0.0212887
0.0450327
0.147369
-0.0603634
-0.0152907
-0.00254356
-0.0889567
0.0164588
-0.0406104
-0.0177276
-0.0311678
0.010096
-0.0566861
0.0198831
-0.049574
-0.0239717
-0.0563743
-0.0732033
0.0434706
-0.0257744
0.049818
-0.0954696
0.0401543
0.0453319
-0.0711421
-0.0122544
-0.0397693
-0.0191869
0.0654638
0.0317854
0.073931
-0.0214131
0.136933
0.0346618
0.00509522
0.00119309
0.00739289
-0.0203904
-0.131906
-0.0330353
0.0413326
0.0553412
0.0465246
-0.0750844
0.0406178
0.0295617
-0.00299508
0.085846
-0.00615084
-0.0508781
-0.0187465
0.0603897
-0.0493598
0.0333345
0.0516012
0.0390737
-0.101047
-0.0173188
0.0142967
0.0661861
-0.00707997
0.00966753
0.0316956
-0.035666
-0.0451947
0.0426668
0.0355296
0.0160075
-0.0265811
0.00974342
-0.0543598
-0.0691165
-0.0113629
-0.0169655
-0.00591435
-0.0084035
0.00836579
0.00550571
-0.0349456
-0.0585372
-0.0674869
0.0220141
0.053036
0.0161294
0.0394682
0.0579548
0.00674849
-0.0560867
-0.0395004
-0.019083
0.00552676
0.108232
-0.00591457
-0.056645
-0.0398472
0.036273
0.0157662
0.0493176
-0.0583596
0.0322001
-0.00296949
0.0418685
0.0397798
0.0500125
-0.0284869
-0.0715072
-0.0345162
-0.000378926
0.027947
-0.105764
0.033113
0.0113709
-0.00208818
0.0735898
-0.0367797
0.0506779
-0.0206524
0.028406
0.033591
-0.0272004
-0.0166906
0.00886899
-0.0372258
0.0480683
0.00790507
0.0421892
0.0165669
-0.00523292
0.0177955
-0.0808457
-0.061537
0.0145914
0.0268503
0.0495885
-0.0315083
0.0258241
0.0472574
-0.038905
0.00665247
-0.0408393
0.0874625
-0.00350117
-0.0449404
-0.0836431
-0.0927718
-0.0205561
-0.040216
-0.0370824
-0.0782583
0.0153092
0.0141215
0.0204717
0.071387
0.103579
0.0212883
-0.00325448
-0.0301933
-0.00573958
-0.0717758
-0.0246827
0.0689271
0.00359752
0.00517414
0.095438
-0.0204367
-0.0294504
-0.0137559
0.0431702
0.0400313
0.0109851
-0.0179056
-0.0159205
0.00750918
0.0184264
0.0070251
-0.0110093
0.013955
-0.0189743
0.00204098
0.0422073
0.0166514
0.0595807
0.0452142
0.02694
0.00607197
-0.105999
0.0199811
0.0339328
-0.0012758
0.0362257
0.00262274
-0.0340297
-0.116929
0.0980064
-0.0382207
0.0215342
0.117599
-0.061323
0.031757
-0.0197112
-0.0642294
-0.0129019
0.0819557
-0.0541088
0.00986372
-0.058079
-0.0224231
0.0978374
-0.0432228
0.027663
-0.0223544
-0.0691686
0.0267784
0.0604792
0.111982
-0.109102
0.0578287
-0.00721437
-0.012878
-0.00448372
0.0154265
-0.0855183
-0.0539734
-0.0547708
0.0484793
-0.0519009
0.00879221
0.0336952
-0.0148656
0.025682
-0.0175842
-0.056112
0.0593952
0.0567067
0.0947481
0.00710753
-0.0239176
0.0345829
0.00701458
-0.0643078
0.0239713
0.13175
0.054821
-0.0208856
0.109622
0.0540773
0.010879
0.0159544
-0.00300856
0.102835
0.0543838
0.0795441
-0.0211426
0.0287792
0.00817892
-0.0543956
0.0810816
-0.0256944
0.114286
0.0162739
-0.0438834
-0.0919465
0.056958
-0.0202138
0.0543835
0.110979
0.0410312
0.0284211
0.0365633
0.0147486
0.0404131
-0.0196643
0.033388
-0.0448005
0.0527413
-0.0080175
-0.0218478
-0.0963303
0.028602
-0.0401584
0.049457
-0.0339048
0.0457454
0.0319134
0.0718615
-0.0357663
-0.000778435
-0.000459214
0.0426723
-0.0175696
-0.0174354
0.0212818
-0.0760209
0.00033267
-0.00415623
0.10636
-0.0710067
0.0631447
0.00850743
0.00489252
0.0653968
-0.0177696
0.0323452
-0.0956564
-0.019622
0.0808589
0.0727813
-0.00380154
-0.0708372
-0.0172234
-0.00220465
0.0154972
0.00431765
-0.00660054
0.0575812
-0.0429276
-0.0961917
-0.0274865
0.107038
0.00477798
0.0640052
0.0506664
0.038003
-0.0557628
-0.0125249
0.0748074
0.00202792
-0.0322
-0.0995665
0.0221702
-0.0114258
-0.0118136
-0.00568398
0.0210191
0.0783418
0.0247937
0.0441257
-0.0434912
0.0693049
-0.0154031
0.0483977
0.0426163
0.0747807
0.00957983
-0.00685977
-0.0631296
0.0521123
0.0589571
0.0662143
-0.0605498
0.0892919
-0.00627298
0.0571711
-0.0175225
-0.0193673
0.0165697
-0.0191078
0.0603047
0.111256
0.0348587
-0.0772008
0.084035
-0.0338873
-0.0794306
-0.0864089
0.150319
-0.00667629
0.120954
-0.0484711
-0.00364973
0.00469322
-0.0108477
-0.00827372
0.0116121
-0.0440291
0.0358398
-0.110408
0.0674382
0.0876026
0.00855034
-0.0681156
0.0409386
0.0434206
0.00919869
-0.00961198
-0.0591736
-0.0835071
-0.0365752
0.0679929
-0.0123043
-0.128281
-0.0130542
-0.0477382
-0.0346802
0.0968758
-0.032563
-0.0562185
0.0326819
0.0517316
-0.0297289
0.0361584
0.00534128
0.022652
0.0485614
-0.0194406
-0.00429905
-0.0442671
-0.0412494
0.0360601
0.10146
0.0126544
-0.0207797
-0.00975651
0.0603768
0.126157
-0.0484586
0.061803
-0.0302926
0.0658643
0.0293038
-0.0307592
-0.0672014
-0.00351192
-0.00326182
0.149849
0.056069
-0.00881746
-0.0806656
0.0274121
0.0246154
-0.0326098
-0.0866363
-0.0329583
0.0921243
-0.067582
-0.105542
0.0281706
-0.0812329
0.0604018
0.0171064
0.0555359
-0.00362517
0.0362036
-0.0148673
0.0141912
-0.0456826
-0.0578562
0.021607
0.00337093
-0.0606197
0.185835
-0.0243315
-0.0251082
-0.0646955
-0.108203
0.00680346
0.0326863
-0.0526414
0.0605848
0.0141744
-0.0464037
-0.0545898
-0.114126
-0.000921682
0.00485556
0.0517999
0.0554088
-0.0516915
-0.0197649
-0.0209267
0.00838256
0.0368258
-0.00353934
0.0494238
0.0306795
-0.0155547
0.000227279
0.0301371
-0.0301644
-0.00299532
0.139277
0.0682264
-0.0341113
0.00330533
0.0335436
0.0538613
0.0933789
-0.0425878
0.00393342
0.0417962
0.0623831
-0.0676585
-0.0360858
0.00867979
-0.0164366
-0.019972
-0.0821188
0.0376242
0.0705331
-0.0186232
-0.0436
0.0421259
-0.0157726
-0.0111026
0.0431232
0.0517226
-2.86099e-05
0.0460134
-0.0420601
-0.00622355
-0.0396778
0.0101701
0.109803
0.0377865
0.0923837
-0.0420228
-0.012981
0.0325093
0.0317915
0.0399173
0.0111191
0.00979527
-0.051263
-0.00594953
-0.028781
0.0323568
0.00412063
-0.0716273
0.0721533
-0.0309656
0.0661386
0.031136
-0.0106742
0.0120393
0.0321588
0.0485598
0.0915508
-0.0233091
-0.0272551
0.00240904
0.0243191
-0.0294705
-0.0974294
0.0336548
0.0307708
0.0995195
0.0185721
0.0996919
0.0163525
0.0566025
0.0203553
-0.0276859
-0.0781806
-0.032507
-0.0422943
-0.019264
-0.0196702
0.013717
-0.0292569
0.0124473
-0.0785184
0.0602176
-0.0341876
0.0860204
0.0769659
-0.0116512
0.062833
-0.00713926
-0.0400997
0.0414684
0.0120803
0.0200254
0.0438273
0.0492838
0.00249729
0.0258276
-0.0139615
0.0421616
0.0493443
0.0104475
-0.0336955
-0.01199
-0.0349801
0.0259186
-0.013518
-0.0141201
0.0178031
-0.063625
-0.00378535
-0.0146202
0.0536634
0.0831076
0.0210931
0.0369001
-0.012905
-0.0328129
-0.0699377
-0.0517939
0.0858889
-0.0261606
-0.122239
0.00233657
0.0351838
0.0864314
-0.0129115
-0.0074062
0.0254471
6.579e-05
0.112028
-0.0412903
0.0330309
0.00884746
0.0742544
0.0257862
-0.0783552
0.0171574
0.00969012
-0.00449914
-0.055108
-0.0400384
0.0145577
0.107709
-0.00986044
-0.0566373
-0.0411545
0.0134443
0.016522
-0.0457458
-0.047662
0.00380702
0.00723232
-0.0593582
0.0472378
0.0402636
0.124352
0.0393609
0.0412081
-0.0612975
0.0606964
-0.000828367
0.02398
0.0416557
0.0509942
0.0159041
0.0753777
-0.130483
0.00176421
-0.0572989
0.106047
0.026734
-0.0356921
0.0107737
-0.0168087
0.059029
0.00817658
0.0164965
0.0707254
0.0192062
-0.00574664
-0.0129471
0.075781
-0.0401386
-0.0990972
-0.0278294
0.0425672
0.00409187
-0.00295724
-0.0255548
-0.0934035
0.0133377
-0.00571254
0.0399853
0.0246037
0.0453689
0.0295613
0.0162469
-0.0778478
0.0229632
-0.0161162
0.00724853
-0.0796366
-0.026505
-0.0314644
-0.0678029
0.0832195
0.0418058
0.00377615
0.0733453
-0.0153495
-0.0464474
0.0166857
-0.036438
0.0488905
-0.000168289
0.0529981
0.067013
0.0103879
-0.0428743
-0.055035
0.0551253
0.000470886
0.0454368
0.0235167
-0.0323809
-0.0924888
0.0302435
-0.0421366
-0.0084713
-0.0110446
0.0210155
-0.00365508
0.0169891
0.151396
-0.0164649
0.0171203
-0.0343374
0.000697885
0.0284132
0.0251638
-0.0406846
0.0867414
-0.0474852
0.0582977
0.0226757
-0.0412847
-0.0295773
0.0289393
0.0272176
-0.0378352
-0.0678746
-0.0070474
0.02425
0.0705733
0.00541765
-0.0809638
-0.0835574
0.0173959
-0.125193
0.0333385
0.0284412
-0.00985771
-0.00753943
-0.0409249
-0.066503
-0.0903755
-0.000361223
-0.0259312
0.0226918
0.0411891
0.0698902
-0.0266635
-0.0466021
-0.145728
0.0356091
0.0148758
-0.116595
-0.0849445
0.027034
-0.0502367
-0.0878039
-0.0653882
0.000381721
0.176619
-9.02612e-06
0.00870409
-0.00319455
-0.0267723
0.000609174
0.0318582
-0.0213248
0.00270295
0.0429389
-0.0744555
0.0153968
0.0872163
0.134504
-0.0711538
-0.0141338
-0.0849165
-0.0826735
0.0255288
0.0120895
0.0176092
-0.0614278
0.00290186
-0.0316433
-0.115519
0.0218094
0.00875024
0.0511964
-0.00827873
-0.0134314
0.00783363
0.00100102
0.0626078
0.0277623
-0.0431422
-0.012074
0.00527134
0.039027
0.12556
-0.0146916
0.0498627
0.0313028
-0.110025
0.00386738
0.0354642
0.00479697
-0.0105907
0.0141125
-0.0353337
0.0301631
-0.0603043
-0.0427814
0.025873
0.0148729
0.0563607
0.0347627
0.0484023
-0.0192953
-0.0392737
-0.0206955
0.0138795
-0.066512
-0.0321067
-0.0512599
-0.0438511
-0.0930354
0.00955391
0.0104594
0.0450735
-0.00138284
-0.0352929
-0.00360883
-0.0378505
0.0522298
-0.00256776
0.0281454
0.0053872
-0.0265384
0.0586197
0.017999
-0.0229369
0.0405408
-0.0160943
-0.0674165
0.0315421
-0.083316
-0.0954845
-0.0266845
-0.0534241
0.0259286
0.01854
-0.0382673
-0.0226411
-0.0425241
0.0269528
0.0358278
-0.0197732
0.0390779
0.0136387
0.0339057
-0.0630438
0.0506488
0.0160679
0.0413283
-0.106169
0.053519
0.0679208
0.050536
0.0257546
-0.00680708
0.0351458
-0.0125948
0.104118
0.041074
0.00160238
-0.0125669
0.0767668
0.017447
0.0162882
-0.0852641
0.0312458
0.0409218
-0.0100496
-0.035806
0.0329866
-0.124014
0.0479127
-0.0160061
0.0120603
0.0184293
-0.0588248
0.00422787
-0.0687305
-0.0363397
-0.00861675
0.00378897
-0.0431
-0.074555
0.00172434
0.0105278
0.040554
0.0140205
-0.0300208
0.065388
-0.000340659
-0.0395287
-0.0353647
0.025929
-0.0078993
-0.0111231
-0.00101845
-0.0434561
0.0549075
-0.0835651
0.0317467
0.0270554
0.0925423
-0.034049
-0.0380071
0.111937
0.165677
-0.109793
-0.021372
-0.0604688
0.00611232
0.00645268
0.0930242
-0.0209257
-0.00559869
-0.0528037
0.0178684
0.0160626
-0.055432
0.0953299
-0.05004
-0.0564573
0.0588882
0.0801245
0.0127884
0.0581003
-0.0310292
0.105182
-2.90987e-05
0.0175333
0.0809672
0.00217858
-0.0292097
-0.0615482
-0.0436275
-0.0806033
0.0312963
0.0474872
0.0402607
-0.0238231
0.0560156
0.0273846
0.0945957
-0.108265
-0.0444197
-0.0768905
4.61799e-05
-0.0739137
-0.109509
-0.00670483
0.0221158
-0.00198403
0.0986023
0.00651686
-0.0698936
-0.112827
0.0675059
0.0662301
0.104957
0.0035771
0.0502491
0.0285689
0.0825364
-0.0101911
-0.00452563
0.03451
0.0593853
-0.0501823
0.0103098
0.0154824
-0.0123202
0.033432
-0.0542386
0.0349109
0.0113237
-0.0114855
0.052262
0.0447744
-0.0154795
-0.0366363
0.0817618
-0.0620385
0.088214
0.00020183
0.0612769
-0.0739615
-0.0301374
0.0896926
0.0103306
-0.0195206
-0.00366867
0.0134011
-0.087868
0.0473917
-0.00707965
0.0540109
0.0687687
0.0836897
-0.103412
-0.0213237
0.0278592
-0.0134408
-0.079281
-0.0163567
-0.00341198
-0.012958
-0.048972
-0.0423066
-0.0113098
-0.0618064
-0.0250892
-0.0651797
0.0815276
0.00158502
0.0274543
0.00179655
-0.0038756
0.0475894
-0.098178
-0.0211534
-0.027706
0.0189207
-0.0335967
-0.00256638
0.0166838
0.0210684
0.0553809
-0.0110182
-0.0741193
0.0259344
0.0299149
-0.0464477
-0.0394463
-0.1134
-0.00486049
0.0575642
-0.0327472
0.0575283
0.0748196
0.0214996
-0.0361645
-0.0163325
0.0717442
-0.0312303
-0.0227633
0.0457325
0.00584531
0.00526379
-0.0104952
0.0114675
-0.0272368
0.00957887
0.0520373
-0.0841472
-0.00335572
-0.039327
0.0486343
-0.0382111
0.0199618
0.00332721
-0.0504472
0.0522839
-0.0172274
0.0459877
-0.0329891
0.0510767
-0.0527741
0.00384002
0.00165964
0.0647093
0.0149453
0.0251658
-0.0111192
-0.0777691
0.0304076
0.0211338
0.0446374
-0.0520845
0.0442884
0.0316971
-0.017734
0.129595
0.00923145
-0.0399634
0.00465618
-0.0786013
0.0245579
-0.0674572
0.0191033
0.0184996
-0.0186104
-0.0749942
0.0205803
-0.0290669
0.0218475
-0.0341962
0.0100863
-0.0416912
0.0540751
-0.0222388
0.0213732
0.000547546
-0.0498402
-0.0191006
0.0291922
-0.0747267
-0.0181403
-0.0303654
0.0231033
0.106095
-0.0427235
0.00812068
-0.0450373
-0.0965369
0.0891017
0.135974
-0.00542847
-0.0304483
-6.1926e-05
0.0091672
0.0718152
-0.0767175
-0.0231424
-0.0948159
-0.0603144
0.0549524
-0.0294253
-0.0799534
0.0291854
-0.0847114
0.0143809
0.0106181
-0.06004
0.04647
-0.0341793
-0.00443177
-0.00178371
0.0555154
0.0135764
0.00262338
0.00435648
0.00477133
0.0387956
0.054241
-0.000136746
-0.000973211
0.0708174
0.00137922
0.0436449
0.00737987
0.0628138
0.0758479
-0.105584
-0.0417622
0.00783281
-0.0978891
0.131128
-0.0434496
-0.107053
0.0236335
0.0419535
0.0613059
0.046022
0.0270244
-0.0217744
-0.00392883
0.0845347
-0.0729481
0.0143617
-0.0874553
-0.110492
-0.0296457
-0.0175808
0.00622633
0.0182404
0.0579767
0.0085805
0.00960785
0.0486878
0.0859471
-0.0447863
-0.0202082
0.0662601
-0.0276643
0.0207249
0.0342099
-0.0446533
0.0674667
0.00483957
0.104606
0.083888
-0.0203205
0.00809358
-0.0353313
0.112389
0.0163184
0.0330039
0.0635234
0.0187513
0.0677467
0.00152938
-0.0181272
-0.00726853
0.0174062
0.0774914
-0.0103282
-0.0296647
-0.0672777
-0.0136588
-0.0325285
0.00779948
0.0961769
-0.0274873
0.00219932
-0.00622148
-0.0235162
-0.0125042
-0.0820046
0.00320041
0.0611841
-0.0193498
0.00420086
0.0334313
0.0308876
0.0894201
0.0567422
-0.0156091
0.0513685
-0.0573739
0.0380089
0.00606844
-0.0531211
0.00892522
-0.0494415
0.0065523
-0.00361757
0.0820525
0.0353712
-0.0400765
-0.0302164
0.017234
0.0848706
-0.0300392
0.0466616
0.0213499
0.0165094
0.008746
-0.0436001
0.0752078
-0.000785486
-0.0624663
-0.0248554
0.0660635
-0.0450795
0.0223126
-0.0307541
0.0353568
0.0871023
0.0505597
-0.0323545
-0.0248819
-0.00737244
-0.0438593
0.0123941
0.00779578
-0.0657397
0.0311881
0.0154625
-0.014299
0.0156814
0.0905407
0.0385277
0.00499858
0.0450723
0.0167842
0.0590331
-0.0676017
0.0306432
-0.0324101
0.0302039
-0.0570593
0.0478224
0.00368769
0.00217945
-0.041069
-0.137242
-0.00360412
-0.00397447
0.023316
0.0939063
0.0631859
-0.0481891
-0.0356922
-0.0751078
0.100615
0.021472
0.0209965
0.0115863
-0.0248198
-0.0635048
0.0485159
0.0645086
-0.0531193
0.039456
0.0550355
0.0665893
-0.031014
0.0290563
-0.0127397
-0.0129046
-0.0701125
-0.0219138
0.0211687
0.0550279
-0.0182306
0.00835019
0.0388258
0.0248824
-0.116769
0.0379449
0.0552916
-0.106385
0.0641528
0.0512954
0.00657883
-0.0319437
0.0439937
0.0106013
0.04385
-0.0158221
0.0395774
0.0123412
0.0164648
0.0287675
-0.0415861
0.113444
0.00230559
-0.0370818
0.00193444
0.0123675
0.0397535
0.0526007
0.0531731
-0.0491696
0.0538206
0.0768926
0.0521287
-0.0112837
0.0211359
-0.00368957
-0.0260776
0.0382153
0.0591863
0.0768002
0.00580093
0.024201
0.0460216
0.0406714
-0.0335438
-0.0323977
0.0671629
0.0366337
-0.023606
-0.0027487
0.0152047
0.0168343
-0.0460047
0.0602307
-0.0147792
-0.0913627
-0.0654095
0.0475639
-0.0156281
-0.10039
-0.0399923
-0.0467989
-0.00926291
-0.017301
0.0313434
0.0869973
-0.0429295
-0.0539806
-0.00880153
-0.0442772
0.0753938
0.0409943
0.0114734
0.0407533
-0.0237935
-0.0247263
0.00494604
0.0687098
0.0387528
0.0171151
0.0281931
0.0112162
-0.0215499
0.0456967
-0.0274613
0.0139317
-0.0324138
-0.0132463
0.000788858
0.093134
-0.00199546
0.046468
-0.000704993
0.0135193
-0.0511589
0.0453411
0.0293508
-0.0247392
-0.0250742
0.00722677
0.115518
0.0356452
0.0340239
-0.0843575
-0.046454
0.0760534
0.0253581
0.066722
-0.0182751
0.167703
0.0607587
0.0220802
-0.013212
0.0535998
-0.0173402
0.00738573
0.0128052
-0.0728909
-0.0577803
0.021525
-0.0289306
-0.00557404
0.000148108
0.0626986
0.0502325
0.0658063
-0.0147174
-0.0361199
-0.0454821
0.0738661
0.0359612
-0.0765903
0.0905077
-0.0456943
0.0469518
-0.0419561
-0.0896385
-0.0172434
-0.0162281
0.00752507
0.0121947
0.0115715
-0.153925
0.0149727
-0.0653692
0.0685881
0.101237
-0.00309296
0.0966064
0.0676541
0.0830189
0.0542579
0.0489616
0.0797918
0.0676247
0.104397
-0.0512697
-0.0197093
0.042939
-0.0425349
0.0682993
0.0981352
0.0564236
0.0547832
0.0279823
0.0391507
-0.0558555
-0.0493365
-0.0380609
-0.00631655
0.0295169
-0.0607814
0.00277286
-0.0429377
-0.0402978
0.0127193
-0.107157
0.0133582
-0.0864565
-0.0415948
0.0269483
0.0144855
-0.0192866
-0.075608
0.0533111
0.0590379
0.0223077
-0.0389029
0.019348
0.0731034
-0.0472235
0.0111177
0.0017134
-0.0406551
-0.0226479
0.0326435
0.0462961
-0.00364117
-0.0760459
-0.0204222
0.0735889
-0.0277378
-0.0562418
0.0261873
0.072779
0.059525
0.0169874
0.0617971
-0.037456
-0.0426274
0.0115101
-0.014493
0.0209389
0.00193254
-0.00889225
0.0268102
-0.0858849
0.0295956
0.0150448
-0.107245
0.0747539
0.0189714
-0.00043781
0.0281006
-0.0771152
0.0577157
-0.0194335
0.0062224
-0.0493654
0.0218302
0.0729925
-0.0293844
-0.0361788
-0.0453178
0.052397
-0.0613286
-0.00278531
0.0828175
-0.068258
0.0627167
-0.0709149
0.00110866
0.0272864
-0.0139814
-0.0821596
-0.0055345
-0.0617569
-0.0314713
0.00488437
-0.0240829
-0.00281776
0.0224899
0.0241266
-0.0409444
0.0324826
-0.0795503
-0.0516403
-0.0422308
0.0209889
0.0057078
0.0248268
0.00744945
0.00941141
-0.0333532
0.130715
-0.10569
0.0209096
0.0375964
0.00228189
-0.0752345
0.0685256
-0.115439
-0.0179477
-0.0256216
0.0363102
-0.00716619
0.00468788
0.015162
-0.0416476
-0.00176262
-0.049867
-0.0179471
-0.0581843
0.0659543
-0.0396324
0.0395184
0.0387163
0.0882882
0.0474911
-0.0443786
0.0750842
-0.100736
0.0798031
-0.0855326
0.017224
0.0547748
0.0138581
0.0484565
-0.00744315
0.0375451
0.0835921
-0.0670544
0.0627947
0.0314235
-0.04172
0.0125083
0.104396
-0.0282216
-0.0423468
-0.0690287
-0.00972278
-0.0808466
0.0403533
0.00901
-0.112525
0.0320409
-0.0624796
0.0439344
-0.0231139
-0.0406283
-0.0957233
0.0721707
-0.046559
0.001471
0.0941041
-0.0440273
0.0380084
0.0614704
-0.0385144
0.0184171
-0.00771182
0.00706365
0.0729075
0.0161492
0.00449558
0.0210359
0.0461282
0.0112871
-0.0443153
0.0550321
-0.0285983
-0.0472799
0.00139301
0.0480587
0.0541001
0.0442877
-0.0201527
0.0291124
-0.0566874
0.0476483
-0.0413979
0.10754
0.0194872
0.0507697
0.0584403
-0.0281698
-0.0967512
0.0289701
-0.050681
0.0448449
-0.0364394
0.0495586
-0.00148509
3.61523e-05
-0.0240877
0.0288156
0.0357904
0.0766676
-0.00815889
-0.0628778
0.141961
0.0586089
-0.0427793
0.0188339
0.0737462
-0.102725
-0.065746
-0.00538998
-0.0177378
-0.0246122
-0.0387477
-0.0316099
-0.10711
0.0615271
0.0292315
-0.00616324
0.0140367
0.056161
0.0568863
-0.0487873
-0.0077513
0.0821772
-0.0101835
-0.0208446
0.0152092
0.0675409
0.0266076
0.0378018
0.110047
0.0131671
0.048132
-0.0501315
-0.0674879
-0.000220217
0.0201773
0.0432436
-0.0639424
0.0278
-0.045068
-0.00616647
-0.0468766
-0.00148856
0.0781933
-0.08449
0.0148821
0.0286576
-0.0255619
-0.019306
-0.0342301
-0.00599915
-0.0690288
0.0382181
0.00251754
-0.0893405
-0.0262204
-0.0963274
-0.0689058
0.0110767
-0.06343
0.0557993
-0.0930903
-0.00742187
-0.0509914
0.0232542
-0.0228095
0.00660078
-0.0449454
-0.00666761
-0.0630496
0.0113097
-0.0323094
-0.0405949
-0.046393
0.00110762
-0.0635466
0.0898416
0.0613219
0.0623212
0.0123058
-0.0206304
0.0159574
-0.0643063
0.0394239
0.0472255
0.000394522
0.0110847
0.016776
0.0496661
0.0763206
-0.0156993
-0.0218886
0.0356069
-0.0274211
0.0240986
-0.141399
0.0111153
-0.00607451
-0.0716505
-0.0408789
0.045539
-0.0812072
0.0378571
0.0131088
0.0351568
0.0157727
0.023345
0.0252244
-0.0245819
-0.0157831
-0.0773655
0.0282764
-0.0536064
0.0141246
0.10551
-0.0566908
0.00277598
-0.0695837
-0.0471491
-0.0266808
0.023439
-0.0930554
-0.016733
0.05933
-0.0192217
0.0148548
-0.0475979
-0.0658589
-0.0689399
0.0103237
0.0297591
0.0522062
-0.0420631
-0.0675248
-0.0387885
0.0337616
0.0446368
0.111589
0.0073708
-0.00150169
-0.0700609
-0.0100701
0.0942698
-0.0611663
0.0087901
-0.0565431
-0.0419471
-0.0271305
0.0092829
-0.048522
0.00372216
0.0510507
-0.0518668
-0.00449045
-0.0270759
0.0784301
0.0116609
-0.0181608
0.0421564
0.0334137
-0.0546414
0.0101406
0.0671074
-0.0437544
-0.00180656
0.0659579
0.0148272
0.0246125
0.047444
0.036727
0.0116112
-0.0716716
-0.0549636
-0.0158782
-0.00126081
0.0759568
0.02954
0.0349955
0.0264291
-0.0246754
-0.0242041
0.0248745
-0.00568198
-0.00777085
0.0129097
-0.0131683
-0.0355451
-0.0630857
0.00567474
0.0377998
-0.0899659
0.0202731
0.0161056
-0.0280001
0.0554112
0.0866277
-0.0558642
0.00851459
-0.0636677
-0.00712896
0.0489481
0.0010898
-0.0550838
-0.016271
-0.0898186
-0.0822038
0.051136
-0.00733052
0.00556064
-0.0116305
0.00562835
0.0752217
0.00523557
0.0544978
-0.0281012
0.0355888
-0.00206844
0.0492519
-0.0624743
-0.00702075
0.0564741
-0.0819893
-0.092377
-0.0622021
0.0141438
0.0411828
-0.00447537
0.00967103
0.0795765
0.0201832
-0.0578454
0.0196184
-0.00816726
0.0979619
0.0804164
0.0243261
0.0708755
0.0892066
-0.023866
-0.0643477
-0.0786575
-0.0106572
0.0187611
0.0746051
0.0113453
0.0999166
0.105422
-0.0370308
-0.0471537
0.0689883
-0.0279033
-0.0776183
0.0785834
0.0239507
0.0185305
-0.000232318
0.0643891
-0.0788369
-0.0902834
-0.0425551
-0.0201366
0.120873
0.0232708
-0.00503219
0.0440294
0.0205708
0.0110965
-0.00557651
-0.0363026
-0.000173337
0.0485014
-0.00747755
0.0108046
0.0285413
0.0895227
-0.0257261
0.0550938
0.0365793
0.017634
-0.0100796
-0.060315
-0.00707166
0.0910184
0.0291711
-0.17397
0.078131
-0.0202006
-0.0247704
0.0633554
0.0123574
-0.0245208
0.0777306
0.0353077
-0.0130454
0.0379526
-0.0212735
0.0118085
0.0518917
0.10186
0.0555808
-0.019565
0.00166769
-0.0699515
0.0691053
0.054557
0.0179988
-0.0562799
0.0433833
0.0362867
-0.000455488
0.00182047
-0.0462291
-0.0143477
-0.0200421
0.0240798
0.0141412
-0.00628902
-0.0795042
0.0184676
0.132793
-0.0323014
0.0333856
0.0474836
-0.0219912
0.0663948
-0.00583061
-0.00879468
-0.0276352
-0.00530504
-0.00354677
0.00466936
0.0626726
-0.048469
0.0309112
-0.0703201
0.0301483
0.0460241
0.0450592
0.0339626
0.0142859
-0.0851763
-0.0315673
-0.0368536
-0.0942457
-0.0259377
-0.00379147
-0.0175075
-0.0174933
0.0211481
-0.0237129
0.0568138
-0.0202235
-0.107549
-0.00476316
0.0319516
-0.0421216
-0.043669
-0.106094
0.01301
-0.0892485
-0.0357263
-0.00355156
0.0555816
0.0609663
-0.0561044
0.0378558
0.0939567
0.00113733
-0.00169527
0.00874655
-0.0333488
0.0879707
-0.0218094
-0.0258716
-0.0113121
-0.0732506
0.000443782
0.132519
0.00689588
0.0858883
-0.104928
0.0802431
0.072552
0.0437391
-0.0487946
0.00210597
0.0532807
-0.0940471
0.0247045
-0.00563677
0.0469974
0.109789
-0.0327793
-0.0880579
0.00686432
2.72616e-05
-0.0248271
0.0873417
0.0490542
-0.0350733
0.0305137
0.0119527
-0.00292833
-0.0134354
0.0452787
0.0241407
0.0294318
-0.0427858
-0.0335777
-0.0102085
-0.0391447
0.0193455
-0.100328
0.0444344
-0.0393083
0.00557595
-0.035877
-0.0383352
-0.0601447
-0.12275
-0.00984853
-0.0330317
0.0566398
-0.0092609
0.0179857
0.0368518
-0.107669
0.0908663
0.0336713
0.147909
0.0712654
-0.0772443
0.000235323
0.0444013
-0.0117216
0.00617621
-0.0524675
-0.074671
0.0467332
-0.0383797
0.0865933
-0.0496217
0.0596283
0.0344107
0.0178803
-0.0397857
0.0125076
-0.0488429
0.0439508
-0.0880406
-0.0483019
-0.0252772
-0.00381199
-0.0364848
-0.0166738
-0.001426
0.029329
-0.0161306
0.0686946
-0.0347807
0.035658
0.00982502
0.0112409
0.00117818
0.0540085
0.0642826
-0.0498214
-0.00476745
0.111432
0.0253693
-0.00933203
-0.00758124
0.0111182
-0.000835977
0.0203351
0.00931911
-0.0476346
-0.00707697
0.0377039
-0.0150719
-0.049147
-0.0281557
0.0316257
0.0804055
0.00687334
-0.0821449
-0.051398
-0.0771941
0.000245466
-0.0574834
0.0174556
-0.0758764
-0.0711583
0.012917
-0.0927769
-0.0572704
-0.0777771
0.0146826
-0.00886843
-0.00119332
0.00737758
-0.00543204
-0.0341717
-0.0876737
-0.0311469
-0.0191359
0.136745
0.0734297
0.0194208
0.0530886
-0.0105206
0.0261836
0.0652859
0.0598166
-0.0409351
-0.025665
0.0191542
0.019666
-0.0699787
0.0857057
-0.0617138
-0.0141728
0.0166439
-0.130645
0.069598
-0.118346
-0.0477361
0.0342893
0.0259648
-0.046432
-0.0546443
-0.0417228
-0.056815
-0.0130337
-0.00179691
0.0326425
0.021487
-0.0448797
0.00105666
-0.0812993
-0.0482044
-0.0265149
0.0632039
0.0356172
0.0448257
0.0293899
0.0487158
0.0568287
0.0600193
0.0106181
0.000291227
-0.0816314
0.0502878
0.0595694
-0.0202063
-0.00937298
-0.0672924
0.0573256
-0.034287
0.0554167
0.0618532
0.00146367
0.0471589
-0.0447392
-0.0440794
-0.0741952
-0.078091
-0.0112254
-0.00846141
0.0392573
0.100565
0.0673066
-0.00192094
0.0556869
-0.00386595
-0.107446
-0.0252037
0.0213107
-0.0600408
-0.0504797
-0.0444984
-0.065219
0.00891569
0.0313058
0.0292134
-0.0589748
0.0600871
0.0187904
-0.0201185
-0.0382102
-0.0569156
0.0389026
-0.106166
-0.0581933
0.0253576
-0.0113313
-0.0156794
-0.000792405
0.0226908
0.00813952
-0.0674907
0.0743111
-0.0128721
0.0628377
-0.0219245
0.037953
0.0181436
-0.0538321
-0.0894012
0.0331651
-0.0609396
-0.00734045
0.0470144
-0.0390055
-0.044398
0.0166477
0.120625
-0.0520258
0.0223564
0.0455278
-0.0381849
0.0303031
-0.0519615
0.00434768
0.0373681
0.118067
-0.0243579
-0.055792
0.0988082
0.05685
0.0239347
-0.0368077
0.036652
-0.118977
0.00128677
-0.0571373
-0.0151986
-0.0842309
0.000579737
0.0553862
-0.0161254
0.0500725
-0.00677486
-0.123464
-0.0640779
0.0141164
-0.0226141
-0.0193475
0.00410397
0.0170965
0.00759935
-0.0955414
0.0725921
0.00934826
0.0140685
-0.014125
-0.132782
0.0388252
-0.00666792
-0.0636877
-0.0515946
-0.0607737
-0.00923252
-0.0214004
-0.012203
-0.0892503
0.06453
-0.000946559
-0.0179734
-0.0900981
0.0444248
-0.0292475
-0.0264902
0.041149
-0.0359121
0.0439025
0.00689784
-0.0167338
0.0550628
0.0356926
-0.0166393
0.0369096
-0.0670604
0.0934763
-0.0190316
-0.0317495
0.084094
0.0489547
-0.0448311
-0.0522939
-0.078798
-0.0474007
0.0227087
-0.0475149
0.0606763
-0.00947547
-0.0322778
-0.0426843
-0.00266432
0.0550631
-0.0129613
-0.000446553
0.000667326
-0.0530872
0.0829614
-0.0425783
0.0474024
0.0556334
-0.0211585
-0.0206354
-0.0297577
0.104832
0.0099376
0.0128045
0.0301221
0.0591141
-0.00150947
0.0642216
0.00409763
-0.0670793
-0.00882085
0.000992724
-0.0380186
0.054897
0.0271764
-0.0630469
0.0249627
-0.0442604
0.0421945
-0.0437143
0.0563149
0.0220664
0.0282558
-0.0472391
0.0145582
0.00764366
0.0362274
-0.0168187
-0.0120596
0.0577231
0.000395429
0.0133102
0.055409
0.0208544
-0.0195284
0.0146953
-0.0426344
0.0378061
-0.0321125
0.00223238
-0.0423474
-0.0556072
0.0447484
0.0200984
-0.040579
-0.0569537
-0.0120307
-0.091004
0.0312882
0.0392625
-0.0693986
0.0785934
-0.0390139
-0.00606664
0.0137468
-0.00908642
-0.0544255
-0.044566
-0.0700638
-0.0174264
-0.00242836
-0.0539154
0.0614852
0.0140683
-0.0060158
-0.0339186
-0.030014
-0.0188194
0.0310263
-0.0199392
0.0664965
-0.0275952
0.0991403
0.0412469
0.0618608
-0.0103892
-0.0294088
-0.0133987
0.103131
0.00245594
0.0503658
-0.0534476
0.0327931
-0.0139761
-0.0106841
-0.059395
0.00952454
0.0677245
-0.0302579
0.0220797
-0.0568423
-0.0089622
0.0196089
0.0747571
-0.0412611
0.121613
0.0101542
-0.0969452
0.0514363
0.0284711
-0.0617544
0.0184388
0.0984591
-0.0639134
-0.0104502
0.0333248
-0.00972256
0.0395162
-0.0717605
0.0550212
0.0379612
0.0210947
-0.0330076
0.0156328
-0.0424865
0.054777
0.0537676
0.0895708
-0.112527
-0.0100697
-0.0267299
0.0343831
-0.0202552
0.0378203
0.0560305
0.0159688
0.0302704
-0.00312818
0.0738321
0.0643469
-0.0754086
-0.0590783
-0.00177609
0.00722532
-0.0364607
-0.0687636
0.0690679
0.0307537
-0.00325807
-0.0178594
0.0668212
0.068639
-0.0176338
0.0424631
-0.15874
0.0608947
-0.00378424
0.0656427
0.0662136
-0.00885705
-0.0278278
-0.00339342
-0.0515183
-0.0539279
-0.122346
-0.08626
0.0452263
-0.0389981
-0.0490065
0.0230851
-0.0146486
-0.0415974
0.0755434
-0.0409003
-0.0820658
0.072715
0.0437142
-0.0320583
0.00776335
-0.0610823
0.0429101
-0.0332363
-0.00123012
-0.127856
-0.0413097
0.0462432
0.0916724
0.0220216
-0.0895116
-0.0287328
-0.0299528
-0.0147914
-0.00189932
0.00787413
0.0329652
-0.05194
-0.0279372
0.0519749
0.00602136
0.0843832
0.00406854
-0.0127801
0.00964406
0.016812
-0.00248219
-0.00988402
0.0305502
0.00989337
0.0361742
0.0465328
-0.0649729
0.00630986
0.00783906
-0.100185
0.0360079
0.03203
-0.00960478
-0.0164841
-0.0202805
-0.0515235
-0.100376
0.0207637
0.00290038
-0.0419285
-0.0789866
0.0236351
-0.0451399
0.000872046
0.0454653
0.0503967
-0.0119988
0.0264368
-0.0382528
0.0444166
0.0244511
0.0169572
-0.0541031
-0.0259195
-0.0233019
-0.0811153
0.00870989
0.0251528
-0.0544215
0.100414
0.0935285
0.0537622
0.000870971
0.0592235
0.0353672
-0.0438532
0.157898
-0.0926181
-0.0233426
0.0179124
-0.0454145
-0.0367248
0.0706635
-0.061762
-0.0202819
0.105878
0.0991219
-0.0660331
-0.0110401
-0.0816809
-0.0863719
0.0684087
0.056323
0.0205071
-0.0442132
0.0465777
-0.059702
0.020325
-0.0637908
-0.0314168
-0.0514557
0.0103044
0.0671641
-0.0545745
-0.0128967
-0.0962354
-0.0578637
-0.0411887
0.0346212
-0.048875
-0.0141823
-0.0220565
-0.0362597
0.013051
-0.00235882
-0.0347013
-0.0486257
0.0252225
0.0153559
-0.0708041
-0.0541177
0.0591881
-0.0154917
-0.0114533
0.0227304
-0.00495609
-0.0208585
-0.0049841
-0.0296654
0.06477
-0.0638648
-0.0386068
-0.0235854
0.0234833
-0.0482223
-0.0328613
0.00625763
-0.0244685
0.0417521
0.0178829
-0.0434209
-0.0217002
-0.107916
-0.0696081
0.0555226
-0.00577374
-0.0982422
0.021486
0.0619824
0.00597719
-0.0956741
0.00551754
-0.0615198
-0.00710936
0.0402036
-0.0445896
0.039398
0.0344312
-0.0326878
-0.0277209
0.0198229
-0.117544
0.021145
-0.0106235
0.0511935
-0.0270513
-0.0322589
0.0070047
-0.0536639
0.00169006
-0.0918668
-0.103378
-0.0635406
0.0792927
-0.0183168
-0.0749237
0.0404264
0.00751545
-0.093676
0.00354686
-0.104409
0.0467396
0.00891803
0.0598077
0.0933151
0.0421066
0.0134657
-0.0277546
-0.0141059
0.0645025
-0.00397832
-0.00116184
-0.0110327
-0.0324879
-0.0604898
0.053851
0.0303666
-0.020156
0.0175
0.0224869
-0.0281389
0.0443525
0.0621667
0.0178453
0.0456003
-0.0768908
-0.0468899
-0.00733797
0.0316618
0.0283547
0.133317
-0.138535
0.0359073
-0.0351916
-0.0269525
-0.0180933
0.0105019
-0.0812109
-0.0324938
-0.00184754
-0.0181164
0.00464145
0.0975064
0.0192056
0.0262404
0.0367501
0.00156487
0.000396835
-0.0140826
0.0420825
-0.0125389
-0.0504336
0.0813086
0.0470114
-0.0154255
0.0487744
-0.0141376
-0.0115166
0.0994673
-0.0341549
-0.0880997
-0.0540334
0.0444826
-0.00194914
-0.00583003
-0.0349835
0.0961241
-0.0325246
-0.0262982
0.0150025
-0.0112402
0.0656489
-0.00457128
0.0272352
0.0103014
-0.00607955
0.0789385
-0.00678576
0.0422137
-0.0578557
-0.0817473
-0.0148199
-0.0975278
-0.102145
-0.0547973
-0.0309734
-0.0154195
0.060489
-0.0150525
0.0326448
-0.0311192
0.0191264
-0.0507468
0.139983
-0.0338147
0.00642689
0.0346896
